0.690 5.156E-2 4.928E-3 0.753 2.497E-3
0.698 5.797E-2 4.830E-3 0.776 -2.714E-3
0.706 6.433E-2 4.884E-3 0.814 1.222E-2
0.714 7.154E-2 5.034E-3 0.991 0.117
0.723 8.095E-2 6.844E-3 1.074 0.121
0.731 8.933E-2 7.046E-3 1.146 0.118
0.739 9.982E-2 8.779E-3 1.243 0.134
0.748 0.110 9.273E-3 1.243 1.638E-2
0.756 0.121 9.054E-3 1.297 -3.167E-2
0.764 0.132 8.748E-3 1.398 5.085E-2
0.773 0.144 9.896E-3 1.493 0.126
0.781 0.156 1.084E-2 1.522 4.705E-2
0.789 0.169 1.068E-2 1.510 -2.339E-2
0.798 0.181 1.045E-2 1.533 -0.106
0.806 0.194 8.934E-3 1.670 -5.584E-2
0.814 0.209 9.523E-3 1.864 0.176
0.822 0.226 1.188E-2 1.867 0.112
0.831 0.240 1.138E-2 1.906 1.023E-2
0.839 0.257 1.205E-2 2.041 8.375E-2
0.847 0.274 1.277E-2 2.127 0.177
0.856 0.293 1.503E-2 2.123 9.922E-2
0.864 0.309 1.442E-2 2.151 7.290E-3
0.872 0.328 1.515E-2 2.262 5.524E-2
0.881 0.347 1.534E-2 2.259 8.062E-3
0.889 0.366 1.528E-2 2.410 5.850E-2
0.897 0.387 1.631E-2 2.532 0.145
0.906 0.408 1.767E-2 2.402 -7.764E-2
0.914 0.427 1.501E-2 2.396 -0.149
0.922 0.448 1.517E-2 2.647 0.135
0.930 0.471 1.724E-2 2.656 3.605E-2
0.939 0.492 1.576E-2 2.656 -1.449E-2
0.947 0.515 1.700E-2 2.758 8.737E-2
0.955 0.538 1.723E-2 2.764 3.595E-2
0.964 0.561 1.760E-2 2.908 0.133
0.972 0.586 1.942E-2 2.901 -8.726E-3
0.980 0.609 1.745E-2 2.896 -0.108
0.989 0.634 1.762E-2 3.031 -4.881E-2
0.997 0.659 1.664E-2 3.181 5.066E-2
1.005 0.687 1.846E-2 3.197 5.298E-2
1.014 0.713 1.753E-2 3.135 -0.118
1.022 0.739 1.647E-2 3.246 -2.192E-2
1.030 0.766 1.716E-2 3.370 0.112
1.038 0.795 1.831E-2 3.390 8.632E-2
1.047 0.823 1.860E-2 3.432 7.703E-2
1.055 0.852 1.960E-2 3.397 -4.941E-2
1.063 0.879 1.778E-2 3.409 -6.103E-2
1.072 0.909 1.859E-2 3.583 0.118
1.080 0.939 1.975E-2 3.572 7.558E-2
1.088 0.968 1.985E-2 3.565 -2.133E-2
1.097 0.998 1.940E-2 3.632 -1.421E-3
1.105 1.028 1.983E-2 3.649 4.690E-3
1.113 1.059 1.947E-2 3.657 -1.976E-2
1.122 1.089 1.950E-2 3.632 -3.822E-2
1.130 1.119 1.884E-2 3.718 -3.522E-2